City,DH_VU,DH_RU,DH_RS,DH_VS,GS_VU,GS_RU,GS_RS,GS_VS,QA_VU,QA_RU,QA_RS,QA_VS,SL_VU,SL_RU,SL_RS,SL_VS,GJ_VU,GJ_RU,GJ_RS,GJ_VS,SN_VU,SN_RU,SN_RS,SN_VS,GH_VU,GH_RU,GH_RS,GH_VS,A_15_24,A_25_39,A_40_54,A_55_100
Graz,3.72163388804841,10.0655572365103,34.3217347453353,51.8910741301059,8.27022114510754,18.1763102090276,37.5643744319903,35.9890942138746,14.1185962081484,35.2258975393304,36.1234368697055,14.5320693828157,2.22489476849068,7.40629384646222,25.826819001804,64.5419923832431,5.26990789320275,32.0158563600326,49.5044887489798,13.2097469977848,5.89194699286442,19.3985728848114,38.0530071355759,36.6564729867482,28.2053985660059,45.8245466048081,18.5892028679882,7.38085196119781,20.28,24.06,19.5,36.16
Wien,5.31648109138329,11.9670980038118,41.2077440064199,41.508676898385,1.70854271356784,11.4974874371859,34.6834170854271,52.1105527638191,5.99657913270953,16.6817587282423,43.0324982392595,34.2891638997887,1.80062367971029,10.2404184689669,19.2636555678503,68.6953022834725,16.2381747356706,27.245409015025,40.7790762381747,15.7373400111297,6.74679325320675,15.6953843046157,37.4305625694374,40.1272598727401,36.6878715194494,40.410887475232,15.5073521743665,7.39388883095213,18.59,17.67,23.33,40.41
Antwerpen,3.25007523322299,5.35660547697863,37.6667669776307,53.7265523121677,6.24432563300716,11.3386462221326,48.0076667002925,34.4093614445677,14.5200486026731,20.0283515593358,48.2584042122317,17.1931956257594,2.23357371794872,5.97956730769231,33.603766025641,58.1830929487179,13.9547772112614,23.3540234981157,46.3311904234094,16.3600088672135,8.70183999186744,18.6438954965945,41.4862254752465,31.1680390362915,29.6835443037975,40.6434599156118,19.873417721519,9.79957805907173,14.4,29.4,24.04,32.15
Bruxelles,4.74304286004469,8.73451147674182,44.8100751574243,41.7123705057891,5.76456310679612,8.97046925566343,47.6537216828479,37.6112459546926,11.9279060348319,36.5633859862292,44.6435803969218,6.86512758201701,4.24,9.3,48.11,38.35,25.3904913920876,36.8943107969445,27.4997149697868,10.2154828411812,14.9770759042282,25.3082017320428,45.0534895568008,14.6612328069282,42.936401931573,39.5972464810439,11.969587999589,5.4967635877941,15.37,31.78,26.03,26.83
Liège,4.03177156645888,6.97767946913332,52.020912929821,36.9696360345868,6.69175226278857,16.4751347503305,51.9576934811349,24.875419505746,14.4162645035425,28.9762809323339,42.8791457028442,13.7283088612794,3.80914194065758,6.71611868484363,52.0148356054531,37.4599037690457,24.6060210846647,38.8653407238344,25.8558852298663,10.6727529616346,21.9143321153065,34.5716605765327,35.0385708485587,8.47543645960211,27.0528256860831,36.8261199696279,28.6473587156958,7.47369562859312,15.15,26.13,23.76,34.96
Burgas,22.8323993886908,31.6352521650535,34.2638818135507,11.268466632705,6.80032238565384,11.7771509167842,43.5019141648197,37.9206125327423,25.4960114542851,36.6025772141542,30.3845367150747,7.51687461648599,3.48487883036251,7.97115962347286,29.3310634888844,59.2128980572802,26.7313019390582,29.3735350522054,32.0690389942468,11.8261240144897,12.5520040588534,21.298833079655,46.2100456621005,19.9391171993912,26.1787157611136,26.4930399640772,30.7476425684778,16.5806017063314,10.44,25.68,27.52,36.35
Sofia,17.9594760540319,32.5010233319689,35.8063855914859,13.7331150225133,10.1565677104514,22.742984953233,43.8694591297275,23.230988206588,24.5253976398153,34.5100051308363,32.2319138019497,8.73268342739867,6.97791164658635,11.7369477911647,50.3413654618474,30.9437751004016,14.5543397429087,20.0148730479125,38.7442898119622,26.6864973972166,24.3311458859162,27.5618374558304,32.6804644119132,15.4265522463402,22.7450980392157,27.3559120617944,34.5335710041592,15.3654188948307,11.61,30.51,25.4,32.47
Zagreb,12.7505287541545,25.3701279081479,39.2990230637526,22.580320273945,8.20985182218663,16.1393672406888,44.0228273928714,31.6279535442531,10.1948252757448,28.687764148026,44.3768683640862,16.7405422121431,4.86041373769833,8.76682064671621,33.8120104438642,52.5607551717212,43.1176770249618,23.4131431482425,26.6327050433011,6.83647478349465,7.6417004048583,12.6821862348178,39.251012145749,40.4251012145749,34.5376026964399,27.4489151042764,27.9123657046556,10.1011164946282,16.09,22.2,20.11,41.6
Lefkosia,12.3681785604587,19.0641957612368,42.9302754172213,25.6373502610832,18.1268273011392,25.4360318580502,35.8806331283396,20.556507712471,6.93806754412815,21.610039791858,47.3625140291807,24.0893786348332,3.75300240192154,10.0180144115292,45.7666132906325,40.4623698959167,35.6180496150556,33.0731394354149,23.0645851154833,8.24422583404619,10.8680310515173,21.0101824780724,34.5800988002823,33.541687670128,33.7515541991636,26.5739798801854,28.2694698767944,11.4049960438567,20.68,27.92,20.5,30.9
Ostrava,7.34312416555407,12.5500667556742,49.0602855088836,31.0465235698881,5.25996971226653,10.5906108026249,46.7844522968198,37.3649671882887,35.1345881400526,31.886257842542,28.8200769075086,4.15907710989678,4.66425412143144,11.8114193807801,44.1395255327704,39.3848009650181,32.4376405095814,32.3734075580773,24.3335831281447,10.8553688041966,21.2875891288623,33.2334401157383,31.3113568254624,14.167613929937,16.2618083670715,30.8029689608637,39.8335582546109,13.1016644174539,13.15,19.71,20.98,46.15
Praha,5.55443953394938,12.2036962635597,52.8224186420249,29.4194455604661,5.80683983552302,14.1510380102297,46.9962892387925,33.0458329154548,12.056952438655,27.7087751186509,46.9049782894072,13.3292941532869,2.96273978105855,4.22818117907,53.5000502159285,39.309028823943,6.80721627858192,14.4954898258863,49.947556114957,28.7497377805748,10.2059637257916,27.6155343785224,47.6278307203607,14.5506711753253,33.1825355076276,41.5044713308785,18.0115728563914,7.30142030510258,11.83,24.66,20.32,43.2
Aalborg,5.94982078853047,12.1044546850998,40.8294930875576,41.1162314388121,4.20774468950097,8.03943490192093,42.0469559914625,45.7058644171156,3.58092899529364,9.59688970738694,40.8430529977491,45.9791282995703,2.06092289132402,5.49914547099628,18.3271338091887,74.112797828491,14.2294498793038,25.2953881336552,39.5756574768136,20.8995045102274,4.68972533062055,10.5900305188199,29.70498474059,55.0152594099695,9.92080950285966,21.9863616366036,43.07083150022,25.0219973603168,24.4,21.22,19.67,34.71
København,6.06403788736745,12.1177802944507,40.2244414701946,41.5937403479872,4.28804237115502,6.4677123650438,41.0368710531677,48.2073742106335,11.7349571679224,22.2004334812674,45.8148415729177,20.2497677778925,1.06682769726248,3.21054750402576,22.8764090177134,72.8462157809984,14.8230606983829,21.9240684321537,40.1687368174361,23.0841340520272,3.72840254622613,8.88147923613216,40.214206325149,47.1759118924927,51.3805141225008,34.3277266476251,11.6365175076695,2.65524172220459,22.87,35.93,17.27,23.93
Tallinn,12.9883624272652,28.6367414796342,43.1733167082294,15.2015793848712,2.7898326100434,12.4405868981194,49.5970241785493,35.1725563132879,6.36734693877551,19.3367346938775,52.1020408163265,22.1938775510204,1.81690423609717,6.66532824733989,42.0096366191528,49.5081308974102,9.01979956000978,26.3749694451234,44.3901246638964,20.2151063309704,5.8583384364156,15.0745050010206,53.6333945703205,25.4337619922433,27.8009208506906,41.602718702039,19.3817145362859,11.2146459109844,12.03,29.99,23.41,34.56
Helsinki,7.25665536026313,20.9579607359441,49.4192620002056,22.3661219035872,2.39611768274189,7.27934485896269,54.9590536851683,35.3654837731271,2.60852049551818,9.23557256521301,60.882264074932,27.2736428643368,2.61009775269576,6.32873123047465,33.9615035775471,57.0996674392825,12.7817878956135,31.7823431426985,36.7240421987784,18.7118267629095,5.23693308928208,14.3685173886516,38.2041895464714,42.1903599755949,47.4893881354177,35.997515270732,11.6989336370225,4.81416295682783,12.91,32.03,23.1,31.96
Oulu,10.4042684178124,22.8811820233942,47.2193720500718,19.4951775087215,3.26684306940769,9.0677793608793,60.1058416446163,27.5595359250967,3.35173105870547,11.2694430506774,53.4972403411942,31.881585549423,2.07352499248723,7.06200540919563,33.1864169087449,57.6780526895723,21.3103904698875,43.0730200750055,25.2371497904258,10.3794396646812,4.40264361972547,12.7503812913066,33.5027961362481,49.3441789527199,8.11681563084598,24.1218041987113,45.531074620661,22.2303055497818,18.94,27.34,22.76,30.96
Bordeaux,5.93271555197421,8.80338436744561,49.9496373892023,35.3142626913779,6.49389936472724,9.48875668044772,47.0908540889382,36.9264898658869,7.62232106752932,23.1904569348969,53.0832996360696,16.1039223615042,2.8042063094642,5.62844266399599,38.8382573860791,52.7290936404607,16.9047363333691,37.4073676296853,34.1316722156589,11.5562238212867,9.43804034582133,23.5693701111569,41.1692054343351,25.8233841086867,31.1341051121811,44.9031861489602,15.9512345046614,8.01147423419732,24.12,21.91,17.63,36.34
Lille,5.31581606872158,9.22688226376958,48.822637695806,36.6346639717029,6.32463064157053,12.4165148755313,51.953045942117,29.3058085407812,17.9160725198615,27.7653289875738,43.430433896924,10.8881645956407,4.68374699759808,8.78702962369896,49.4495596477182,37.0796637309848,22.6988002972715,40.5244718122943,28.2514067310755,8.52532115935874,17.394863399161,27.7089941676046,43.5383198608411,11.3578225723933,27.7888970820605,40.40872221637,21.8792794690825,9.9231012324871,24.98,22.26,17.83,34.93
Marseille,6.28024193548387,14.7379032258065,46.5625,32.4193548387097,13.9704393601944,21.4010933387325,45.3330633731525,19.2954039279206,23.2280275415148,31.5714864317537,36.4823815309842,8.71810449574727,8.46394984326019,12.4987359692588,45.7680250783699,33.2692891091111,24.9030172413793,39.1487068965517,27.6939655172414,8.25431034482759,24.1379310344828,33.2325065537407,27.5559588626739,15.0736035491026,32.9791666666667,37.5520833333333,21.7083333333333,7.76041666666667,19.59,19.63,20.06,40.73
Rennes,4.82568244555771,11.3894284837951,48.4919742357632,35.292914834884,4.03682719546742,7.0315661675435,46.8231485228652,42.1084581141238,6.51469098277609,20.0911854103343,54.5896656534954,18.8044579533941,1.6,4.65,40.87,52.88,9.32119749972585,35.9688562342362,42.4717622546332,12.2381840114048,8.61312378814165,21.2164506582304,43.0452086947648,27.1252168588631,17.5546948602533,38.2916361352455,31.4770229247357,12.6766460797655,30.3,22.68,14.68,32.34
Strasbourg,3.4684412179875,10.6876386368219,48.1548699334543,37.6890502117362,1.40350877192982,10.2255639097744,51.1077694235589,37.2631578947368,14.2900485436893,35.5582524271845,38.622572815534,11.5291262135922,2.19021902190219,5.65056505650565,43.7643764376438,48.3948394839484,13.4022794428029,41.0510764035458,36.2916842549599,9.25495989869143,7.46478873239437,18.3501006036217,52.2334004024145,21.9517102615694,23.7901933554107,44.493109710501,23.8970195491935,7.81967738489478,24.7,22.28,17.09,35.92
Paris,9.3336029932248,14.8245525331176,44.3320861563353,31.5097583173223,6.34441087613293,14.8942598187311,50.1812688821752,28.5800604229607,31.2334082091076,42.5566673473555,18.3071268123341,7.90279763120278,7.18803332998695,12.9103503664291,44.1421544021685,35.7594619014155,13.3699835074217,25.2556349642661,43.9362286970863,17.4381528312259,11.3652464325473,23.0644671591944,46.695678575043,18.8746078332153,59.7892176732874,28.1617349006891,6.57681394406161,5.4722334819619,19.58,23.42,20.17,36.84
Berlin,6.00263184532847,13.1491041603401,48.415831561899,32.4324324324324,4.33771486349848,8.14964610717897,51.9817997977755,35.530839231547,7.81487871714199,20.866741094083,53.8313204100274,17.4870597787476,4.42371351188685,9.37907513291203,33.3834888153275,52.8137225398736,15.222314936226,28.0128740016689,41.125283108833,15.6395279532721,12.4922887106724,27.0820481184454,43.1009664815957,17.3246966892865,44.2852725961043,36.6072348758116,12.2642481706689,6.84324435741523,11.21,29.17,24.85,34.76
Dortmund,4.1440703980354,13.8647293563901,42.9346157781643,39.0565844674102,2.64900662251656,10.5759582580775,47.6520168573149,39.1230182620911,3.3786525974026,19.7138798701299,58.1777597402597,18.7297077922078,3.22159775190686,5.3592934564432,41.338819751104,50.080289040546,7.80342918860538,39.5301741595788,38.6526258944242,14.0137707573917,7.8216299333675,25.8431573552025,48.9697590978985,17.3654536135315,20.3317026607803,45.5792864813268,27.6220021477151,6.46700871017778,13.07,24.45,25.17,37.32
Essen,2.51113811259619,11.9076549210207,44.7448359659781,40.836371000405,4.63870641738252,7.00353713996968,51.9656392117231,36.3921172309247,3.25462012320329,20.8008213552361,56.1601642710472,19.7843942505133,2.18441715321119,7.81155627139118,38.9973827259915,51.0066438494061,14.5420709823209,31.3970490495813,39.0003987770836,15.0604811910142,11.201818745479,21.3392580345148,45.0139506045262,22.44497261548,19.4371571667064,45.2301454805628,28.4164082995469,6.91628905318388,11.95,24.23,24.76,39.06
Hamburg,5.76119098603039,12.6440297746508,40.8789640053023,40.7158152340165,3.24884329108831,7.36270368135184,42.3757795212231,47.0126735063367,5.54375316135559,17.9059180576631,48.3156297420334,28.2346990389479,2.39605355884426,5.19480519480519,22.7524413570925,69.656699889258,5.65574776101092,23.2609495767391,52.8278738805055,18.2554287817446,5.67578603511637,19.3344222131482,50.1837484687628,24.8060432829726,53.8636129165377,35.2109769937068,6.64396987516765,4.28144021458785,12.38,28.46,25.94,33.22
Leipzig,3.94803102024373,14.1403968174036,48.4137375365092,33.4978346258435,3.48463546896967,8.21450090379594,38.9736894958827,49.3271741313517,3.72454722193799,13.1280057300726,61.0048091681162,22.1426378798731,2.09,2.95,31.75,63.21,9.534127843987,29.5774647887324,43.6078006500542,17.2806067172264,7.55897435897436,25.5589743589744,48.0512820512821,18.8307692307692,15.4133212710619,42.5647404726903,30.8040257831053,11.2179124731426,13.05,30.67,21.83,34.46
München,2.93816543816544,8.14905814905815,37.54095004095,51.3718263718264,2.7111155738528,6.07490711918867,34.6420323325635,56.571944974395,4.5596691213558,17.5728840915969,48.3405628972057,29.5268838898416,1.47029204431017,6.5055387713998,26.2839879154079,65.7401812688822,10.4596244672273,17.152401797028,42.2301578159198,30.1578159198249,5.40177649246024,15.523652137988,32.679198512704,46.3953728568478,67.1965171610813,22.6485775032905,7.24916472613142,2.90574060949681,12.08,31.05,25.17,31.7
Rostock,3.11002345263587,15.2238197206077,48.4245946772713,33.2415621494851,4.89256531826894,13.2754968223545,47.7050337940079,34.1269040653687,3.02846759539673,8.95416919038966,38.3605895416919,49.6567736725217,1.93522510779104,3.72004411912163,31.0738995287276,63.2708312443598,14.0441461210791,36.9304246805215,38.6343100555054,10.391119142894,6.56457376212353,15.1097498723839,52.475752935171,25.8499234303216,29.0269828291087,51.5360355098703,15.068333138652,4.36864852236888,12.58,26.93,20.9,39.59
Athina,33.5679314565483,27.0705834353325,30.8649530803754,8.49653202774378,36.3206598269966,26.1919130959565,27.901830617582,9.5855964594649,37.8184391427416,34.3509906995552,20.5317428224828,7.29882733522038,14.5981739741146,20.4374435637604,46.5335607504766,18.4308217116484,52.3293381969776,26.6805627931214,16.8316831683168,4.15841584158416,35.5689828801611,24.1289023162135,29.496475327291,10.8056394763343,27.8043704474506,23.2049947970864,35.213319458897,13.7773152965661,14.82,22.25,20.27,42.66
Irakleio,27.8187140405774,26.6276370243262,33.6025032805087,11.9511456545877,36.4863503576106,31.902891105067,21.3861186662637,10.2246398710587,12.537552573603,16.7334267975165,43.8413779291007,26.8876426997797,5.52541691782198,13.5422945549528,44.2535664054651,36.6787221217601,32.7762302692665,31.1977715877437,30.0732487362014,5.9527494067884,13.7347699123955,18.1754103312859,40.6202799315275,27.4695398247911,29.2143005612139,26.574516732488,26.1380170442735,18.0731656620245,20.11,24.44,19.79,35.66
Budapest,28.7603814211012,33.3333333333333,30.1343176458526,7.77196759971291,8.20647242665591,21.9981853009376,46.9704607319286,22.8248815404779,18.8667811332189,35.2590647409353,35.7236642763357,10.1504898495102,5.9431783957434,10.460797108724,43.2085132014858,40.3875112940468,25.1117068811439,23.3467381590706,30.3842716711349,21.1572832886506,18.2847729846597,21.8676001235458,37.6299804385875,22.217646453207,47.9062753740865,28.7437652244519,17.7589606774156,5.59099872404593,10.81,26.82,25.63,36.75
Miskolc,31.3254233850522,33.4753067640199,26.6910049690701,8.50826488185782,7.54449838187702,22.0671521035599,50.3741909385113,20.0141585760518,17.2820823244552,33.545197740113,34.5742534301856,14.5984665052462,9.61654894046418,16.1654894046418,35.882946518668,38.335015136226,52.8210639441161,24.0623320795271,15.0671681891456,8.04943578721118,28.6347330660477,23.2855032707322,35.9675036927622,12.1122599704579,31.1377245508982,26.2035928143713,30.8982035928144,11.7604790419162,11.8,22.82,25.75,39.63
Dublin,17.5741076830006,24.3698326275459,35.7733413994757,22.2827182899778,3.26915363016446,8.9851584436422,39.1496189330124,48.5960689931809,7.62763371150729,10.0688816855754,51.0129659643436,31.2905186385737,2.38716148445336,7.76328986960883,30.3009027081244,59.5486459378134,19.892177357245,21.2454615469248,38.585102871603,20.2772582242271,11.3739763421292,18.926296633303,42.3314123951067,27.3683146294611,64.4691691795778,17.6458354996361,11.8332120203806,6.05178330040553,20.19,30.7,18.32,30.79
Bologna,5.75063613231552,13.9440203562341,47.175572519084,33.1297709923664,3.83647165441547,12.2545564394321,46.0779377706173,37.8310341355352,20.8888888888889,38.9292929292929,33.7676767676768,6.41414141414141,3.63490310272116,9.57927502761321,46.3199116377146,40.465910231951,20.7103766498551,33.71606395536,37.1069857280824,8.46657366670244,20.7361963190184,26.5235173824131,38.680981595092,14.0593047034765,38.9299282397636,37.4208526804559,18.4571549176868,5.19206416209371,10.02,21.97,25.95,42.06
Napoli,25.1009693053312,36.0763327948304,33.7237479806139,5.09894991922456,33.5587662670356,35.3417358335895,24.9205861256276,6.17891177374731,29.3554884189325,37.1601208459215,26.8982880161128,6.58610271903323,9.6696212731668,24.4762288477035,47.008460918614,18.8456889605157,61.8832236842105,27.4979440789474,7.53495065789474,3.08388157894737,26.5168539325843,29.9693564862104,35.7916241062308,7.72216547497446,22.7296587926509,26.9501312335958,38.4041994750656,11.9160104986877,13.77,23.5,26.94,35.8
Palermo,26.6366151009118,36.594611207868,29.7510500973261,7.01772359389407,23.9353153877059,41.8139815186822,25.7834471675372,8.46725592607473,20.024259577479,41.170524613363,28.646517739816,10.158698069342,11.4375762505083,26.5351769011793,46.2078080520537,15.8194387962586,70.1601459558078,25.4307723494831,3.52726535576728,0.88181633894182,18.6013417361252,29.47753608457,42.1630412685505,9.75808091075422,15.8002367882897,21.4616295339576,50.5973522763965,12.1407814013562,12.2,22.38,26.1,39.32
Roma,19.7400241837969,28.8492543329303,39.8024989923418,11.6082224909311,15.585847449133,22.0006013831813,44.2918713039992,18.1216798636865,24.5345677769951,44.6110496125591,28.2580255610345,2.59635704941129,11.7989364904184,17.0562857429517,46.9148189023779,24.229958864252,37.0969403523231,42.659936128567,16.6889873287318,3.55413619037808,30.444988773219,31.9146764645846,30.251071647275,7.38926311492141,36.4039252928142,35.7286060989765,21.4519362667511,6.41553234145827,10.6,20.35,28.61,40.44
Torino,10.9862033725089,21.0832907511497,46.9800715380685,20.9504343382729,6.42146517937896,11.747563058989,43.7342980604964,38.0966737011356,27.7716353402352,43.6626796662981,24.1431299628103,4.42255503065635,3.91959798994975,13.7286432160804,54.7437185929648,27.608040201005,44.9257166771291,35.8861686545302,15.9761456371626,3.21196903117807,20.9137577002053,30.0205338809035,40.0102669404517,9.05544147843943,21.1173927502494,35.1069726194435,38.0667331781399,5.70890145216717,10.04,19.78,26.31,43.87
Verona,9.48624595469256,13.2888349514563,50.5461165048544,26.6788025889968,8.38214502120784,19.5112098565946,48.5659462734801,23.5406988487174,18.7029414717398,39.9156711173577,37.6267443027808,3.75464310812167,3.79949874686717,7.23809523809524,49.1629072681704,39.7994987468672,22.3695198329854,30.8246346555324,39.1649269311065,7.64091858037578,14.6289752650177,21.7566885411408,50.5098435133771,13.1044926804644,20.1291079812207,35.8333333333333,36.5140845070423,7.52347417840376,11.05,19.32,26.16,43.47
Vilnius,10.6507059545734,28.3404951913239,42.7255985267035,18.2832003273992,3.27221152872049,12.4708742781886,53.6723736196941,30.5845405733968,6.05131350301543,22.6413165695594,52.4685679239497,18.8388020034754,2.37305178481649,4.87682252388135,32.3479135243841,60.402212166918,11.2083664885757,24.7470728657497,45.1744913038536,18.8700693418211,7.67801857585139,17.3065015479876,52.7554179566563,22.2600619195046,24.8784637822071,36.6674769081186,28.5974720466699,9.85658726300437,10.02,33.41,24.48,32.09
Luxembourg,3.00827781142742,8.75227135069655,47.7791237633757,40.4603270745003,2.53407370015144,9.41948510853104,36.9106511862696,51.1357900050479,4.77302731796486,15.9845638265462,52.2697268203514,26.9726820351376,1.28346535646245,5.35445703399178,25.6893612754437,67.6727163341021,13.738338516215,29.9533540648601,45.0910706352732,11.2172367836517,4.10375924612423,12.9496402877698,44.8576350187456,38.0889654473604,50.4585286325657,35.500305685755,7.5402486244141,6.50091705726513,13.64,27.23,19.15,39.97
Riga,18.2933167030454,34.7261199459516,38.0209957384887,8.95956761251429,4.94606146957053,10.5841644616324,54.1624262161612,30.3073478526359,7.62987012987013,24.5941558441558,52.4756493506494,15.3003246753247,6.36655303789854,13.5452175656707,53.1381592139563,26.9500701824744,17.6419309142421,29.8790454396862,41.113653699466,11.3653699466056,9.60237753638041,18.7026029924165,52.9616724738676,18.7333469973355,27.682755388941,45.0679475164011,19.0135895032802,8.23570759137769,10.13,27.42,23.55,38.89
Valletta,9.2777898629541,13.8677398303241,33.5218620839678,43.332608222754,27.1035598705502,29.4296116504854,23.5335760517799,19.9332524271845,30.0010037137408,34.0459700893305,23.9285355816521,12.0244906152765,3.76241597270994,14.5580415370723,35.4369419082974,46.2426005819203,26.3386566463128,30.1550023485204,25.3522780648192,18.1540629403476,7.54620647401205,15.6029817216379,34.1672623302359,42.6835494741142,28.5536863497798,25.3697640284521,29.3327311730834,16.7438184486847,12.18,28.81,21.91,37.1
Amsterdam,3.93525543753161,7.8199291856348,42.2660596863935,45.9787556904401,4.490083559851,9.58421423537702,44.9109030504379,41.014799154334,11.1905763567522,23.9377366428271,50.2839713925116,14.5877156079091,1.72448567970956,7.05929810407422,29.0439693424768,62.1722468737394,18.0165289256198,27.9574970484061,34.4628099173554,19.5631641086187,6.93706579485084,14.3543114017164,47.1393543114017,31.5692684920311,58.0496780128795,25.7794132679137,9.61872636205663,6.55218235715016,14.76,33.43,22.7,29.1
Groningen,1.71922685656155,5.85961342828077,35.6561546286877,56.76500508647,2.51736985197865,7.53197059712013,44.7286275299567,45.2220320209445,4.33579335793358,10.3833538335383,52.0807708077081,33.20008200082,0.90189397735244,3.57751277683135,21.4350135284097,74.0855797174066,23.3816645735815,36.5909350382464,28.5420710126727,11.4853293754995,2.99407316574699,11.3120784794605,42.6732066217045,43.0206417330881,27.7765934768706,32.0827115753571,26.5721594542741,13.5685354934982,24.37,27.81,18.97,28.85
Rotterdam,5.64855705042621,7.8874396631406,43.4117284584574,43.0522748279758,6.21840242669363,12.6693629929221,46.4610717896866,34.6511627906977,16.4816135275542,26.9532443720077,45.5740042782928,10.9911378221453,3.32765360328756,6.82569910794828,34.3389796532024,55.5076676355618,19.2482782771098,31.0143574179993,38.1463756274075,11.5909886774834,7.59287531806616,18.0356234096692,49.8320610687023,24.5394402035623,38.1561679790026,29.1229221347332,25.667104111986,7.05380577427822,14.64,27.4,22.81,35.15
Białystok,13.0829420970266,36.4736567553469,38.4767866458007,11.9666145018258,3.8685691318328,9.60610932475884,39.4694533762058,47.0558681672026,5.07187689815752,10.4170884794493,49.635553755821,34.8754808665722,2.06799152627862,6.18379905175023,35.7812972863916,55.9669121355795,35.4206198608476,40.1644528779254,17.6470588235294,6.76786843769766,5.00463392029657,8.98980537534755,50.6950880444856,35.3104726598703,11.887187396717,30.1090668723146,42.778451030076,15.2252947008924,13.7,24.23,18.99,43.08
Gdańsk,14.8246329526917,30.1182707993475,40.9869494290375,14.0701468189233,4.33333333333333,12.5151515151515,46.6464646464647,36.5050505050505,5.96321002627855,19.9717000202143,54.0731756620174,19.9919142914898,0.976936247356229,3.5552422197603,34.8172021351596,60.6506193977239,9.37675463222908,28.5345311622684,46.2661426165076,15.8225715889949,3.71883939517777,15.5394360441357,53.8618716796077,26.8798528810789,21.9619487517871,41.5264489167491,28.6594083360827,7.85219399538106,12.04,22.75,17.4,47.82
Kraków,15.2271338358118,31.4829904257486,41.4137298838867,11.8761458545529,9.44698122780314,18.2648401826484,50.6544901065449,21.6336884830035,41.7940466613033,36.4239742558327,15.919147224457,5.86283185840708,3.48684873526151,8.4853370956364,45.9034566159428,42.1243575531593,12.8193783873465,28.3154518305497,44.784868930428,14.0803008516757,5.94897959183673,15.4285714285714,56.0714285714286,22.5510204081633,30.1851851851852,41.1220043572985,22.3529411764706,6.33986928104575,12.03,23.81,17.42,46.74
Warszawa,21.7131679192834,31.6791928343457,35.8797487902811,10.7278904560898,5.71572074334505,12.1044701155198,52.8578603716725,29.3219487694626,20.6991159435017,42.3839040747892,29.9156589777462,7.00132100396301,1.28205128205128,8.27781142741773,50.5451241671714,39.8950131233596,10.7753521884074,23.3788579417142,44.0262393805786,21.8195504892999,6.19154127694185,15.5551037006913,59.505896705978,18.7474583163888,40.5638046051216,38.6270712287497,14.762212179901,6.04691198622767,10.88,22.83,17.36,48.93
Braga,8.76413570274637,20.1130856219709,52.4131663974152,18.7096122778675,3.95611032816589,23.5957318300785,50.7247835715724,21.7233742701832,4.70232088799193,17.991927346115,64.3188698284561,12.9868819374369,1.73121184829381,4.11287901531072,61.95336735715,32.2025417792455,14.0300415468201,56.6315116650687,24.7576435495899,4.58080323852136,3.92654220779221,11.7086038961039,67.288961038961,17.0758928571429,18.0963207937164,33.4642414220752,39.4894584539066,8.94997933030178,14.53,23.91,28.78,32.78
Lisboa,14.6477445514445,27.1768879878358,47.1262037506336,11.0491637100862,8.79942634706003,21.460766236427,55.060438434747,14.679368981766,9.82050753043119,32.7831648442335,50.9180936661853,6.47823395914999,2.36686390532544,8.46454718684184,62.0499448400361,27.1186440677966,21.8197224870247,48.691875860608,25.1350492532571,4.35335239911026,5.62910560889338,26.144517433047,58.2415361293583,9.98484082870137,42.207449614857,41.9753086419753,11.5542893320671,4.26295241110056,12.5,20.74,24.67,42.09
Bucureşti,25.4253015774822,29.353541602227,32.2095061346531,13.0116506856377,14.3518984792023,26.0650619397724,39.6313828180079,19.9516567630174,40.5531354472698,39.6312430351535,14.3855739033533,5.43004761422348,5.43249473789716,12.3083091109552,46.3967124386088,35.8624837125388,19.5272807598851,19.5051910757676,38.6790368897725,22.2884912745748,20.720627710097,20.8858145777411,37.5593640305596,20.8341936816023,25.6490952006294,31.3926042486231,31.1116106552771,11.8466898954704,10.93,23.11,22.22,43.73
Cluj_Napoca,17.5130072840791,24.6201873048907,38.0124869927159,19.8543184183143,9.70627096249619,20.7846325846123,41.6912287834129,27.8178676694786,14.6705680556957,35.2133992533549,38.2201594188276,11.8958732721219,1.33440353165446,4.37443563760409,26.9087990368215,67.3823617939199,9.01611244429208,18.4664609758885,38.7384298937264,33.778996686093,7.71614502634025,11.8686086148125,42.309678752195,38.1055676066522,32.8058028354764,33.7729420815474,20.5187383228926,12.9025167600835,11.02,23.64,22.03,43.3
Piatra_Neamţ,22.984760903836,32.264844981608,31.8759852863899,12.8744088281661,9.45502970702725,12.9891415693505,47.1419791026429,30.4138496209793,7.1342322398873,11.3000603743208,47.7057758100221,33.8599315757698,2.28003214142226,5.24306950582563,25.8838891120932,66.5930092406589,40.2254839395873,30.1637949372474,22.3463092958945,7.26441182727079,10.6541283455616,15.0666528882918,38.8963521752609,35.3828665908856,15.7010428736964,22.8968713789108,34.0556199304751,27.3464658169177,12.61,19.82,21.95,45.62
Bratislava,19.9385875127943,33.7154554759468,32.8147389969294,13.5312180143296,7.14213658831837,27.0755573489357,44.0129123373348,21.7693937254111,11.0063537610166,37.6409100225456,43.4207829473253,7.93195326911252,2.89825903190098,6.32987823286706,47.9621616181946,42.8097011170373,10.0645855758881,18.0516684607104,47.7717976318622,24.1119483315393,10.9070153590702,23.4952262349523,47.6753839767538,17.9223744292237,51.6735734778451,33.1208160663054,10.5939857613431,4.61162469450643,8.73,29.88,26.63,34.76
Košice,18.0020283975659,25.5882352941177,42.7789046653144,13.630831643002,6.95766659914928,19.4247518736075,49.0885152926879,24.5290662345554,13.5942117599103,35.6567818200347,41.6080709263222,9.1409354937328,2.38692207401464,5.60625814863103,40.4472971617691,51.5595226155852,26.9197112229272,39.9803106541238,25.1476700940713,7.95230802887771,11.6783729950729,25.5163014991089,45.8957962050529,16.9095293007653,33.7031284668294,44.86354559574,14.8213889505214,6.61193698690925,10.88,28.26,26.56,34.3
Ljubljana,20.0365222684387,25.8902302931927,34.7976057624023,19.2756416759663,4.54956312142212,8.00441900170734,41.6591342773928,45.7868835994778,7.45662980622907,25.2003652226844,48.1485238916506,19.1944810794359,2.89898685926372,6.93148761159595,30.9960878724045,59.1734376567359,34.7278119042576,27.1128998093624,27.1340817623385,11.0252065240415,5.12794476035743,8.3570268074736,39.3277822908205,47.1872461413485,49.4460897224964,24.3172096084238,18.5148623450696,7.72183832401009,14.44,26.16,21.89,37.51
Barcelona,13.7816312128239,21.0908357697349,42.7664079040226,22.3611251134187,11.1932739059968,24.0782009724473,48.6628849270665,16.0656401944895,24.2463958060288,38.905131565682,26.9281177538058,9.92035487448332,5.6517775752051,10.6857084979236,42.9757925655829,40.6867213612884,36.2370432415454,39.6817087215998,18.7938435765888,5.28740446026594,12.0377895164567,19.9410808614384,44.6566436407964,23.3644859813084,36.7443431273219,34.7405155915794,19.4528875379939,9.06225374310481,12.09,24.16,28.12,35.63
Madrid,17.120146744115,20.7785590543157,40.7418730255783,21.359421175991,12.2576736672052,18.235056542811,47.092084006462,22.4151857835218,27.6307754935884,33.238347242011,28.1294524730307,11.0014247913698,5.37340619307832,12.6189030560615,43.5944140862174,38.4132766646428,42.4178378949593,33.1924336891049,17.2144140336046,7.17531438233118,10.7772231842722,18.9874707140674,44.280330039727,25.9549760619334,38.124502105383,25.9929441219984,24.0582678957551,11.8242858768635,11.66,23.65,27.77,36.93
Málaga,14.0899401076033,21.5815653233174,36.9607146482591,27.3677799208202,13.7874603661655,22.0517541168047,38.2530428556817,25.9077426613481,11.7186695499948,18.6592523941922,47.2659870250232,22.3560910307898,3.9702482661574,6.83485777465072,31.9228063121922,57.2720876469997,51.151881580319,28.1559470447201,11.8315438340457,8.86062754091525,7.88327084811024,11.7033134056135,40.3992299118452,40.014185834431,19.5773315108821,28.871832614867,27.1159709809694,24.4348648932815,12.8,24.36,28.7,34.14
Oviedo,10.3462363394955,14.4009804922888,49.167602900623,26.0851802675927,8.42369477911647,11.5160642570281,45.9136546184739,34.1465863453815,10.1362342415616,16.9276128507523,51.6165107767385,21.3196421309475,3.56963802266119,6.11651458939136,26.5516895618169,63.7621578261305,47.5519365278213,36.6322163065038,9.10324668545777,6.71260048021714,4.30184074036408,9.04098444015051,31.9943048916912,54.6628699277942,20.1272871917263,19.5817706557563,34.7994090237527,25.4915331287646,9.69,20.28,28.54,41.49
Malmö,11.2145707561649,20.5361710835977,45.6257034687404,22.623554691497,3.36954335143834,4.4156105411386,32.2168577750956,59.9979883323275,6.73517143147828,10.9980669447553,62.7734255773731,19.4933360463933,3.44308371812889,5.00903433045573,25.2258582613933,66.3220236900221,19.8843187660668,30.4370179948586,38.1362467866324,11.5424164524422,9.11207856636631,16.2701225068341,39.9615267793865,34.6562721474132,30.269515730699,33.6948351766348,27.7998496725008,8.23579942016536,16.67,28.9,17.79,36.63
Stockholm,5.90012082158679,20.2678211840515,49.073701167942,24.7583568264197,3.04589006555724,9.32929904185577,44.1654059505799,43.4594049420071,8.65930436577562,18.6396944989163,50.9030859737847,21.7979151615234,1.82981701829817,3.44965503449655,19.8080191980802,74.9125087491251,11.3337216074549,20.7105416423995,38.9633080955154,28.9924286546302,4.78492998891911,13.2769215271482,43.6990027198549,38.2391457640778,66.8670402445237,22.2516556291391,7.30514518593989,3.57615894039735,16.72,25.66,20.59,37.03
Belfast,15.7622476924637,20.2353179835683,37.3973019576022,26.6051323663658,7.46118168985683,11.8874773139746,37.6588021778584,42.9925388183101,8.45390657296404,14.0657296403473,47.1372467961968,30.3431169904919,2.7564620355412,7.92609046849758,34.84450726979,54.4729402261713,21.9311014070839,29.852013585638,36.0140708393984,12.2028141678797,10.6378600823045,20.8539094650206,37.201646090535,31.3065843621399,21.6236559139785,24.6021505376344,33.3870967741935,20.3870967741936,21.78,23.56,18.8,35.86
Cardiff,13.7584230111636,15.9308055918737,38.5497334808408,31.7610379161219,2.85194174757282,8.01982200647249,35.6391585760518,53.4890776699029,4.47300771208226,16.0719794344473,49.5629820051414,29.892030848329,1.6865776528461,4.3369139644614,29.6355787571529,64.3409296255396,16.5802437127301,25.1490795955406,39.9014778325123,18.369198859217,9.83148971363589,18.1019332161687,33.2368448258038,38.8297322443916,26.6006671688368,28.3439147745615,29.5168406327343,15.5385774238674,26.27,23.9,16.8,33.03
Glasgow,9.4151212553495,20.2771550845731,41.1147340533931,29.1929896066843,5.76631259484067,7.85027819929186,40.900354071826,45.4830551340415,8.4140061791967,24.4799176107106,47.6622039134913,19.4438722966014,2.58220698002824,7.22211014726649,39.5097841436353,50.68589872907,18.1505631298162,29.484291641968,39.4427978660344,12.9223473621814,9.47379260632272,20.4304397075481,45.2682524971682,24.827515188961,20.9814775388546,37.4281456248669,28.7630402384501,12.8273365978284,19.58,29.27,18.57,32.58
London,10.9433962264151,20.3161652218256,43.8551759306476,24.8852626211117,3.39493772599437,9.63238248292487,42.1153073523503,44.8573724387304,17.9235537190083,33.1301652892562,35.6301652892562,13.3161157024793,4.4746103569633,10.8396178984414,37.3353443941679,47.3504273504274,13.8637446403049,25.3096712720343,41.8413530252501,18.9852310624107,13.0363206091162,26.8031690503138,40.4362588743698,19.7242514662002,56.7112024665982,21.5930113052415,12.7852004110997,8.91058581706064,18.46,29.42,20.7,31.42
Manchester,9.99695214873514,18.2871075891497,44.1532053235802,27.562734938535,8.12353480786872,14.9729895015799,44.0831719498522,32.8203037406992,5.393889004365,23.0513406776138,55.0924963625026,16.4622739555186,4.01848503114326,6.76110106489853,45.6499899537874,43.5704239501708,19.2815435389693,25.1840568672252,39.8197512058898,15.7146483879157,13.1813982137358,26.3319987680936,39.6365876193409,20.8500153988297,25.1297339074749,33.267086231644,27.3048470796069,14.2983327812742,28.43,31.94,15.95,23.67
Tyneside_conurbation,6.33167865464492,17.0600749670753,39.6008509776112,37.0073954006686,5.62883898902427,11.6906655925889,44.2050146007451,38.4754808176417,5.59849592646752,12.3354919573846,48.9346145811573,33.1313975349906,1.90973967232888,4.81455422655543,37.8932556035782,55.3824504975374,25.444089456869,32.8945686900958,33.2268370607029,8.43450479233227,9.74052718286656,18.3999176276771,41.4641680395387,30.3953871499176,13.9542555531119,21.5306795689466,44.2819441389927,20.2331207389488,14.23,17.87,21.32,46.57
Reykjavík,11.1053504769805,20.7175445873082,39.2057237660722,28.9713811696392,4.34963147513755,17.9487179487179,48.7490916640714,28.9525589120731,3.16314076484947,13.6391375101709,46.0943856794142,37.1033360455655,2.44294762239871,7.03729767769177,33.2059917563084,57.3137629436011,17.5591680612001,26.5479321061439,38.3217786277791,17.5711212048769,5.14209773052545,13.2794929462278,46.4731138826416,35.1052954406052,51.2766406414855,29.0040092846592,14.5916860097067,5.12766406414856,15.24,31.49,23.12,30.15
Oslo,3.32856851133347,9.0259342454564,47.9170920972024,39.7284051460078,3.2069970845481,5.38855936463255,45.0889715492108,46.3154720016085,2.73488747603189,20.234130588354,55.0206882631951,22.010293672419,1.42755897539739,4.84965070365496,16.3612432924977,77.3615470284499,8.49425159057931,22.5136734010492,41.5336533095211,27.4584216988503,4.68159051415721,13.4007973014413,41.1530205458448,40.7645916385567,48.4311740890688,28.917004048583,12.9757085020243,9.67611336032389,18.08,31.18,18.41,32.33
Genève,3.3781733589562,5.94720339840194,38.0499645999798,52.6246586426621,1.13842434011686,5.00705218617771,42.3836389280677,51.4708845456377,8.24637827980954,21.0920879343532,52.122378685037,18.5391551008003,0.872617853560682,4.50351053159478,35.8575727181545,58.7662988966901,24.1546425817821,38.0218085692257,29.6398281749091,8.18372067408305,5.06568575932738,13.6836573830793,54.7031003678402,26.547556489753,68.314606741573,23.9019407558733,4.54545454545455,3.23799795709908,13.39,28.44,27.33,30.84
Zürich,1.85858585858586,4.92929292929293,26.5656565656566,66.6464646464647,2.21261188776023,9.05159408629186,41.2551543799658,47.4806396459821,2.68985741733239,8.30215390838305,53.3724340175953,35.6355546566893,0.61,2.31,19.8,77.28,7.58517781646357,30.37801541905,46.2695846804277,15.7672220840587,3.06848201585044,11.3289981711034,38.1324933956513,47.4700264173948,49.8101200862157,38.9202504362106,6.57908241814636,4.69054705942728,10.59,33.12,26.88,29.41
Tirana,43.8151107514919,10.8020633154648,32.7298472741984,12.6529786588449,46.8285828984344,14.8835808912084,22.6114010437575,15.6764351665998,59.5111689872784,11.3492937994591,18.8820995692678,10.2574376439948,19.919638372677,14.1436464088398,40.7533902561527,25.1833249623305,30.6059987757601,19.39400122424,24.617425015303,25.382574984697,14.4905736060971,9.93782591255516,31.5182511030886,44.0533493782591,45.1652764905777,24.3435279579858,21.2439501596128,9.24724539182371,23.85,26.96,23.78,25.41
Skopje,47.7233370683508,25.5067739635326,22.4101049200367,4.35978404807986,36.397353648757,27.9270248596632,24.4186046511628,11.257016840417,70.2174788562223,17.6500201369311,6.3229963753524,5.80950463149416,13.2919627664898,14.3829446501852,37.3235912321089,35.0015013512161,43.3272208638957,20.5175224123879,23.9914425427873,12.1638141809291,20.555108608206,20.152855993564,26.015687851971,33.276347546259,15.5965391621129,19.6948998178506,39.4353369763206,25.2732240437158,14.02,25.76,26.88,33.33
Podgorica,34.5357178943114,29.2512882691725,24.9368495503688,11.2761442861473,21.2860310421286,23.2513606127797,34.4486998588994,21.0139084861923,15.8064191568568,25.6061978066204,41.7748264412919,16.8125565952309,10.3665865384615,12.7904647435897,43.5797275641026,33.2632211538462,50.8049002733623,22.9016907968006,20.8565353852384,5.43687354459856,14.2756397340318,12.3111021559541,23.4636308684264,49.9496272415877,27.7496700395952,17.5098988121425,28.1896172459305,26.5508139023317,17.98,28.52,25.54,27.96
Beograd,32.3012892092173,26.4237133285961,26.9718810273069,14.3031164348797,16.6147038117268,26.6720305742734,47.2292064769184,9.48405913708136,35.1466558408607,32.3048817618999,22.6529990865726,9.8954633106668,13.2752229235548,17.4531610059112,44.424406372107,24.847209698427,37.8719377562822,24.4874356008832,31.342655872148,6.29797077068657,14.9888370204993,22.265070022326,34.2399025776334,28.5061903795413,44.6795074202716,22.8397010840964,20.4610041048311,12.019787390801,12.8,26.47,23.65,37.08
Ankara,14.5244086562657,20.8857574232511,36.7287367891293,27.8610971313538,9.76720647773279,15.0303643724696,42.0344129554656,33.168016194332,13.3400503778338,19.6372795969773,40.8261964735516,26.1964735516373,6.82706766917293,11.609022556391,30.265664160401,51.2982456140351,27.6832663161151,24.6314052995154,29.5700587689453,18.1152696154243,12.1961020695198,16.2849105887081,39.1701828410689,32.3488045007032,45.0376245678259,19.4122432377466,25.3508236729713,10.1993085214562,18.46,30.13,26.59,24.82
Istanbul,19.4152398117553,19.0747972364073,39.1609091819365,22.3490537699009,24.9449228920489,21.6102543560985,30.8832365311436,22.561586220709,25.756664662257,25.4259370615354,33.5437963519744,15.2736019242333,21.58,13.56,40.82,24.04,30.4448938321537,20.2426693629929,30.4954499494439,18.8169868554095,39.6771282462649,16.524616464454,26.2408502957987,17.5574049934824,74.4796380090498,15.2740070387129,6.06334841628959,4.18300653594771,18.68,32.1,28.49,20.73
Antalya,14.2742097845782,16.5290920072478,37.4068854439299,31.789812764244,5.95636732623034,12.5621511922882,41.7047184170472,39.7767630644343,7.50480428845959,16.7189238393851,43.3093961767978,32.4668756953575,3.39135654261705,5.42216886754702,25.9203681472589,65.266106442577,20.5608433118412,22.0141234264661,28.830211851397,28.5948214102958,10.7462086973988,9.52094004218138,40.0723109370292,39.6605403233906,38.7027138157895,17.6809210526316,26.5830592105263,17.0333059210526,17.17,27.47,30.42,24.94
Diyarbakir,20.0502008032128,19.7590361445783,37.8714859437751,22.3192771084337,13.7640449438202,13.1821829855538,31.6713483146067,41.3824237560193,8.24242424242424,13.4949494949495,43.7373737373737,34.5252525252525,6.81,9.36,29,54.83,51.5249772013375,20.8430438747593,20.6606545749316,6.97132434897153,14.8103552077062,11.8001204093919,26.2091109773229,47.180413405579,34.8102543399273,16.4008881711748,26.8873637464675,21.9014937424304,26.8,33.84,23.56,15.8